358
188
69
39
21
305
40
4
44
91
10
27
16
17
13
3
164
218
321
260
55
34
9
166
35
18
329
64
36
29
337
137
37
28
24
41
205
180
47
79
45
25
12
48
11
15
284
145
246
81
56
6
7
23
209
49
5
97
208
63
19
94
231
114
98
104
78
124
148
135
1
58
243
51
67
95
52
171
53
59
125
195
66
14
249
118
146
68
297
99
70
26
112
103
72
172
320
183
184
214
76
196
287
77
42
198
80
106
181
328
61
86
165
223
144
123
291
89
192
60
90
263
83
92
275
191
204
230
276
182
207
93
32
31
117
333
87
288
119
267
75
212
224
122
303
200
126
202
239
210
265
226
127
131
245
128
293
197
129
54
185
57
334
130
111
101
132
316
20
134
82
253
136
85
84
33
259
173
352
290
138
38
139
271
310
140
110
227
142
109
96
286
107
193
153
65
168
266
43
215
308
295
50
315
319
257
229
115
292
156
30
0
345
326
158
149
241
189
342
282
274
159
121
285
161
152
335
147
162
133
143
163
2
247
151
349
141
167
8
289
169
348
343
313
339
255
108
116
175
307
258
177
150
216
178
176
299
179
356
331
186
346
312
206
238
268
234
244
211
262
332
272
190
73
280
194
74
270
281
324
279
338
213
203
278
251
217
201
273
154
322
296
301
340
311
170
277
302
269
220
250
113
317
221
199
71
314
256
309
325
350
300
225
294
298
248
236
304
187
330
261
242
306
336
100
22
102
323
351
228
327
254
318
222
354
233
353
240
219
355
105
155
120
252
344
237
341
62
232
174
160
46
357
88
264
157
283
347
235
